contrast=False
lamda=0
thre=0.0
seed=1
acc_all=0.40723165234540076
f_all=0.44539456930091087
macro_all=0.44367071851428547
macro_id=0.6336892880344697
micro_all=0.5130777369345505
f_ood=0.6731831300402626
